53,71
53,104
53,99
53,70
53,87
53,63
53,61
53,82
53,73
53,103
53,54
53,55
53,56
53,57
54,84
54,94
54,89
54,75
54,76
54,88
54,53
54,55
54,56
54,57
54,63
55,97
55,68
55,89
55,92
55,91
55,98
55,72
55,83
55,93
55,69
55,53
55,54
55,56
55,57
56,79
56,85
56,92
56,86
56,97
56,78
56,53
56,54
56,55
56,57
56,62
56,63
56,64
56,65
56,66
57,66
57,64
57,65
57,81
57,67
57,77
57,95
57,74
57,53
57,54
57,55
57,56
58,75
58,90
58,100
58,59
58,60
58,61
59,93
59,94
59,79
59,85
59,89
59,97
59,73
59,58
59,60
59,61
59,69
60,76
60,62
60,94
60,90
60,99
60,102
60,58
60,59
60,61
60,69
60,70
60,67
60,104
61,53
61,104
61,99
61,87
61,63
61,58
61,59
61,60
61,69
61,70
62,60
62,86
62,90
62,100
62,63
62,64
62,56
62,65
62,66
62,67
63,53
63,104
63,87
63,61
63,62
63,64
63,56
63,65
63,66
63,54
64,57
64,67
64,77
64,95
64,74
64,62
64,63
64,56
64,65
64,66
65,57
65,66
65,81
65,67
65,95
65,62
65,63
65,64
65,56
66,57
66,65
66,77
66,95
66,62
66,63
66,64
66,56
67,57
67,64
67,65
67,81
67,74
67,62
67,60
67,69
67,70
68,55
68,101
68,92
68,103
68,96
68,73
68,69
68,70
69,55
69,86
69,94
69,78
69,76
69,97
69,80
69,68
69,70
69,59
69,60
69,61
69,67
69,104
70,53
70,71
70,99
70,87
70,73
70,103
70,68
70,69
70,60
70,61
70,67
70,82
71,53
71,99
71,70
71,87
71,82
71,104
71,72
71,73
72,55
72,102
72,78
72,84
72,101
72,88
72,80
72,71
72,73
72,74
72,75
72,76
73,59
73,85
73,68
73,70
73,53
73,103
73,83
73,71
73,72
73,79
73,80
73,81
74,57
74,64
74,67
74,95
74,75
74,76
74,77
74,72
74,78
75,54
75,58
75,90
75,74
75,76
75,77
75,72
75,78
76,54
76,60
76,69
76,100
76,83
76,102
76,88
76,74
76,75
76,77
76,72
76,78
76,82
76,80
76,85
76,87
77,57
77,66
77,64
77,81
77,74
77,75
77,76
78,56
78,69
78,72
78,97
78,101
78,80
78,96
78,83
78,90
78,74
78,75
78,76
79,56
79,59
79,93
79,89
79,73
79,80
79,81
79,82
80,78
80,69
80,72
80,83
80,79
80,73
80,81
80,76
80,82
81,57
81,65
81,67
81,77
81,79
81,73
81,80
82,53
82,71
82,104
82,99
82,87
82,79
82,76
82,80
82,70
83,55
83,73
83,103
83,76
83,78
83,80
83,96
83,92
83,98
83,84
83,85
83,86
83,87
84,54
84,72
84,88
84,98
84,92
84,102
84,91
84,83
84,85
84,87
85,56
85,59
85,94
85,97
85,73
85,83
85,84
85,86
85,87
85,76
86,56
86,62
86,69
86,83
86,85
86,87
87,53
87,71
87,104
87,70
87,63
87,61
87,82
87,103
87,83
87,84
87,85
87,86
87,76
88,54
88,72
88,76
88,84
88,89
88,90
88,91
88,92
88,93
89,54
89,55
89,59
89,79
89,88
89,90
89,91
89,92
89,93
89,99
90,58
90,75
90,100
90,60
90,62
90,78
90,88
90,89
90,91
90,92
90,93
90,102
90,104
91,55
91,84
91,96
91,88
91,89
91,90
91,92
91,93
92,55
92,56
92,68
92,83
92,84
92,88
92,89
92,90
92,91
92,93
93,55
93,59
93,94
93,79
93,97
93,88
93,89
93,90
93,91
93,92
94,54
94,59
94,93
94,85
94,60
94,69
94,95
94,96
94,97
94,98
94,99
94,100
95,57
95,66
95,64
95,65
95,74
95,94
95,96
95,97
95,98
95,99
95,100
96,68
96,78
96,101
96,83
96,91
96,94
96,95
96,97
96,98
96,99
96,100
97,55
97,56
97,59
97,93
97,85
97,78
97,69
97,101
97,94
97,95
97,96
97,98
97,99
97,100
98,55
98,83
98,84
98,94
98,95
98,96
98,97
98,99
98,100
99,53
99,71
99,70
99,61
99,82
99,60
99,103
99,94
99,95
99,96
99,97
99,98
99,100
99,89
100,58
100,90
100,62
100,76
100,94
100,95
100,96
100,97
100,98
100,99
101,68
101,72
101,78
101,97
101,96
101,102
101,103
101,104
102,60
102,72
102,76
102,84
102,101
102,103
102,104
102,90
103,68
103,70
103,53
103,99
103,87
103,73
103,83
103,101
103,102
103,104
104,53
104,71
104,87
104,63
104,61
104,82
104,101
104,102
104,103
104,90
104,60
104,69